140021023
159089409
55860068
121910048
54100473
71401393
36086158
51650438
140645786
43117607
111186272
120452347
116727784
140093379
73068826
24534689
52297724
47575402
214750692
121845
23247955
94196041
93898391
120624362
128933651
49539603
30922190
10081838
134675978
166446226
121613959
173187343
163634521
169222308
159185288
120082994
195857770
133996599
19156465
29439820
123235493
37353725
10824901
195862817
43453715
201140721
119511094
195672614
196597604
6621268
118631780
119447761
197760185
6853836
25702927
199713239
169434930
32988851
196404451
2611044
35936134
208496591
119373362
36178120
33885695
197406922
61448798
704383
210352589
18534830
28354067
136864766
26046117
8038683
24804831
39488365
8870642
14037375
95892699
209834753
195300560
119348748
16129974
81995023
93015546
197136483
28138932
110076060
68714680
79159605
81979064
14263793
94848776
13404794
138932646
15989222
13372795
26364350
23579931
110060479
14308178
3899149
3911302
16411047
129945380
14460491
151478310
23169403
61458403
18765753
198123500
4256426
11366236
59577504
54570260
26506207
40271185
8326211
3839796
84377354
62600805
58307266
104294496
20219429
9088275
97190060
195342650
81977455
16521137
111066359
91899631
21212726
22438031
204077052
96709687
153887480
6593912
13104845
14359296
12368855
197408522
157984839
25359020
96890882
52403100
268151
206457014
14797237
86551783
2753584
197200131
4263384
195857783
54448642
20163108
25437196
32683451
20595857
195862624
43225242
118940506
205193984
44704945
4517022
111121649
73917377
117710101
12021738
34775343
207747713
10822050
96543564
62207295
122792434
214746868
60520717
209869172
126047044
74134134
16069772
136645168
84214934
967296
88415279
95359192
169661230
36109568
126353486
189832295
153648774
136590107
73300023
57073078
143097097
44961070
27923107
201016654
109375195
196606637
35387555
112440892
45694599
24392483
91777121
21434700
54562529
128570773
5156409
157144636
19144722
32945335
97305483
145847198
24692724
101681936
110882797
54825861
8883185
44365157
96614210
95557965
4347271
80399184
150613498
30963085
34352833
4446979
198729226
209435912
36703577
8463106
21409691
62741557
56102863
25336260
212726393
195867462
203175839
88423303
208623433
78242396
38317597
5989773
121213439
30791578
46059253
208582956
9101156
108891878
196660873
13491693
18012140
62577674
51606030
23517715
166681118
55524348
92729927
123554525
21610986
43495583
84538067
2340730
30087774
199658097
142168318
21601191
70577388
1783497
38954655
94221086
103782638
40937245
44950185
97191554
36395662
47553650
197169160
17382757
137734212
189820628
46270009
53244524
197058942
137743114
73957899
15422577
35602466
30168407
13513458
38410364
24808849
210870429
196972433
110147017
6326026
208068085
68162044
4772267
8043940
21789401
197191973
62230297
20779228
35418989
2472372
129427857
8933188
197111489
189836773
51687979
5187320
210600064
45564635
120669854
97480304
118593740
166510600
94921536
212417034
3048800
8439355
12475776
196933175
196664853
7889326
23721337
155734794
94899290
51649486
70628572
5482435
196928154
10200097
27183508
94883824
61021859
197373066
152044956
196396062
7542019
51633304
12309108
203655873
72966712
128644305
13597706
196749047
122245926
42678252
16910200
73249655
195867271
42495751
32711961
73098629
210041804
96069077
97538611
197441594
143271381
24368257
13936912
195188460
167682199
207895382
29186284
72677253
173182019
19483021
38954516
23428080
45648757
131124015
196400393
70918595
93019887
43185433
62725355
5699610
189775135
6333226
200138421
33702227
38455960
41062600
206110424
34659731
31486694
36880729
25821321
193662
19476964
154636424
1381242
2807069
196157414
208063475
109594605
86661534
2716126
33358121
62301749
122903756
61655982
208545088
60940597
4763509
209149269
122067941
85706368
17817758
83262586
37879085
2486911
2422203
11347536
10810661
10631063
63888451
201207914
119169423
61730596
22624217
212664330
31505903
122810397
110234206
205986932
97361053
116895894
21285656
197687418
161821918
95219331
92621176
98994455
35350139
12242549
202133817
123533321
37260462
204754291
79458151
13558387
12866575
97119225
7597123
17574020
97409549
101599989
195241342
202559173
95166270
35564373
19293794
32640075
45597581
40625074
208787113
51656730
64613300
86280359
5638691
95468791
196426579
196644245
47560268
6770417
120377423
14217650
29642551
8552841
196424030
36480840
208261276
29980846
84329139
5825780
102347812
62242026
214198975
7682652
3729570
45635688
79313022
21981546
52067431
31983385
59341241
99436853
121166474
121142641
59086487
97463734
12886101
24968854
122569115
17296287
189842884
121466417
28598996
196532941
5612965
122736101
96984828
119017569
8590237
46845608
47563793
3437369
289763
20641033
113609283
59473879
208556921
44217364
21784343
208868837
98254615
166213815
36264297
211233605
17888264
23032004
10226557
8141731
96617261
19073801
214806393
195858343
10245864
197038265
122769008
38672704
9775470
74845969
93082395
208047645
47036555
130787859
25541652
12517810
25550082
28135345
96905416
150563358
156725506
10562170
116714159
79994226
30057436
196855283
98528183
118203779
1433558
113761008
97688788
113513974
46299884
195797721
44192957
199012659
81909422
26543929
14914187
91921038
115672855
53279219
31665344
22594453
76664377
22872425
110405744
195365798
10572429
9837635
5863192
72407617
4524410
12557299
94991379
10506877
97553785
341667
186210130
195863965
14427566
146160492
16124937
73059404
123321178
25338207
51605665
210673132
195675235
20809524
37627113
11796157
20736352
71265803
211534958
186214205
166897427
132066235
86176296
82506682
196995855
96131250
118564390
2174684
135761868
17128851
13090039
5583019
115168835
71756669
11771164
46821568
96904553
26317217
13420149
62693067
189899299
16810261
51653475
11700940
35007519
95569839
129364988
100078997
125044281
207938221
3509794
198243311
22122111
33397295
79710543
85663963
527225
12742369
7395481
25499272
73460804
19589272
122397994
97298504
197365281
91683878
33315916
158727385
202021997
86357947
208745603
189879242
677611
122436647
21337320
108775156
47517855
74692232
40655915
135782584
11897712
195860645
97714150
53238978
16991533
109522388
103135779
110192122
1321722
119713769
120908269
30581150
153487107
2298664
3939176
97087155
195913910
113790825
31457527
39458286
32822486
35522016
197368025
109839696
208583099
189843637
84684040
46712625
12219539
96456913
87505752
44361864
53512450
3884235
17502902
35511276
18797037
47564497
85660116
196285822
966667
35681289
54467557
86424945
128699117
20426276
33521131
196642711
95175383
31929991
113841314
130054070
87692726
72170333
12996694
197140995
15542200
72183539
31563280
82849133
85366862
70457359
198210440
6890504
205007957
53301142
31272921
189908545
119600623
137455568
35701459
189819846
71826705
119816203
195709589
195859248
32358714
214727946
36701397
123711427
8525796
123125818
101027630
3779581
42752806
195074201
189953192
1688
195881347
4471932
17728793
25587085
29132255
3194789
197327973
110077939
10114961
3448495
155330132
98825145
118170270
37093900
71556268
15390942
161014971
132834383
195896474
100496591
19210278
97339195
14238220
108743264
189764928
42977885
61751724
27332357
209349302
196892963
57875377
6240132
103195290
11616388
195864972
36496037
205846497
75666543
69124097
12087106
32584317
72646759
22047105
208211897
204230143
27248055
131684487
13999147
204125372
34530941
9337842
25798079
438609
7027881
23998946
16455569
41771754
96819099
72589237
43899504
195672617
2583738
204322786
102397442
195950892
8146175
72703936
25158093
42179138
136910714
26903215
4374742
2791943
26080218
73514527
108057377
195667537
129016287
900216
93643638
24686920
196405412
196634201
208618188
95736590
124415165
195293070
196971833
208015834
39726552
54567374
5691960
146990653
46326834
60254612
8905630
198128103
61093148
51663935
122365073
22724079
167219957
158550058
210600299
34454472
72809664
195313698
10697227
39825602
73023550
24216579
109902095
24666748
44274576
3788698
34367429
34137279
195275542
4796536
53584181
7160840
72063880
197086905
6477524
23695647
189874523
18826301
8997131
52851699
14274920
189825731
195370372
7717641
211298285
198685116
110130872
94201190
13459129
47184047
32743632
196992420
121332633
96004548
44589865
52800160
4377568
203097206
5540133
7594741
23304217
135811287
181898713
9918085
62082874
2952184
120267477
6969699
122457260
201143110
7593622
98134107
139239731
97887678
96724279
42695792
4448757
119167478
119480338
199687966
196631613
116252528
195071043
203868251
26132715
110607474
117092660
30519759
211228739
21409806
11490440
84335381
35930432
39788267
37085906
42574937
55062901
107938841
26083460
128625480
8156894
143662299
18762588
27194328
120158014
27312960
8725879
52058460
45158141
99539918
195838218
197316605
18560520
54432721
197510741
191537608
121229863
1746355
32314851
54489860
23948975
196689112
208289249
195858422
18269387
9685339
82686459
97350745
52009699
24313322
121521271
13953884
95197089
108425546
95465658
74499074
16842639
125976809
72230513
28075507
107721180
62360433
8845988
15523486
57444131
73258414
4967122
67315696
1779159
56747034
6220254
110159062
33220778
155012300
74070014
42613714
74246820
14085381
7527533
43023485
82735211
58672632
39304984
8671489
74454388
166625326
73969978
47553360
24112162
95517174
195908527
43672356
124715523
85588079
152597736
189909210
90959446
197129096
55847141
62128668
18507854
5386038
203725847
58936265
12099047
31047012
8073790
108841303
196387992
88924471
196630867
201466349
71987594
96968249
36951513
150511932
61649273
38398114
37144092
22316247
98509440
214284252
8819470
141731175
8577069
124143391
204739528
46665433
211057189
12631960
119453511
119727791
122068907
197334535
125759735
8438437
38824296
16997524
16980730
16676006
198496781
201753859
62649751
61614499
121940920
189823313
189797250
7099855
37455729
98017132
13398821
96920931
198711191
73012197
95798715
25702636
913876
73009108
197256145
120198470
21018424
8957762
196969555
18807328
22017300
151923618
14593498
25126693
83721671
126247823
202575074
61246526
24222724
195291544
119521903
114471729
173185847
20406196
204180202
78503266
8546323
98406546
118923272
139214094
37491251
19770596
156849271
30986381
201705096
31988365
122961174
29715973
61259397
118436753
62800202
140114577
19986876
121324848
189868174
94979381
72662700
149856041
202244894
208533534
103040864
211081449
196634813
45182040
196875740
98069126
147607653
109347467
24890233
7980348
72674267
198573545
10101597
38845010
2142262
58360066
19719542
14556189
35870654
110353843
9210589
114733788
32861757
14903438
119114896
197657539
60972584
7195407
71705242
205627045
38987712
5892450
132404315
29243683
47110353
23071903
6161255
204788093
30701900
199281821
72921232
15953895
197036102
35053844
59493067
119386612
53084711
27628701
13263783
73490107
35452963
2217266
143518688
22037169
5096169
195842475
22068882
189764931
207953658
3419806
197501247
49411467
85844392
19775920
122202037
8532964
195861453
31754639
45137908
134411057
25358077
73407859
196882227
54565708
208187365
19372636
196641523
97343180
137308335
189836151
94491314
137575640
137231850
5014892
155373550
208925645
1541872
41879217
74401083
153869592
94979781
8005478
199087964
137475710
40232233
85107936
9116790
214068587
55613232
40124028
202574740
131120532
15429095
124449527
25255156
23063928
133403857
195710408
2969615
20266266
31159327
196540418
14873288
34616896
16417911
25645258
39171039
21958943
7825744
80438178
71947139
143220530
31925445
123121443
121028954
196643704
204927700
83487554
22517531
208146071
21727714
86632942
10544036
10546511
195941062
22603112
1778246
19137743
96788293
41716903
173187980
128347688
12988232
28398455
4231002
52961999
1996555
3550955
196585367
119376725
2825689
56174065
158293619
5599809
35485490
97163177
61361299
146467590
103520012
102562094
44262195
198779617
218552
203291978
39546104
10278369
203721189
122621950
144643742
10536021
135672957
64856806
195186839
13137718
32911302
8972171
164835165
62731383
13208171
28320206
49387365
10780678
43859071
145101146
96141619
15767336
202762927
25765385
72280171
37094800
150184625
150400971
13215167
196632215
12991275
12689790
43264302
85258742
78694970
196983309
117651728
45718211
56129025
7756273
8829355
51984917
139206012
53436714
198153982
35076521
8648982
102016769
196587861
98068684
153221877
25780849
157990257
51630930
9616192
96907130
125456905
93409799
53341942
62164241
163271370
111370903
201759818
126177511
19621700
43287547
209913484
97093035
96058524
196490606
7187815
197269061
108473711
41817000
19389742
20633488
197031427
72868755
108190914
129837586
16481506
27369428
23915092
7826299
138220584
104242838
96239159
94380558
21513985
95195488
196362967
56470859
211194487
110609242
197121490
90496747
197314910
97965790
199469717
60632030
26212775
117948435
27073542
69754046
52826924
124421127
142092213
46050730
15002119
122298748
1338579
20371918
154455118
76046468
85129935
21317631
196531602
53309361
110743010
54429755
122030049
191178798
53950546
208865457
19436064
195332697
72947200
202269419
119267640
90019677
20176029
43756582
503318
6383021
203090123
199001355
201765637
97062175
45610760
110519730
116691435
95788672
14881759
4216238
118133650
21470014
61077263
129412108
196983075
92248594
54036690
110420338
11290559
201700720
26261738
116304695
6486730
57559008
198748174
32357185
85161404
54489402
45622224
125230521
2935676
89157495
36039975
17961896
97985519
61164470
110337055
203095669
5755675
93526127
56062741
16046955
54474196
55975183
205011669
53245318
3856836
11722550
119162756
116384293
196979488
15803849
165630
13206310
196883028
118230085
62187575
122593263
37061885
198706794
196967578
121075277
207947858
6498868
73464572
12891080
3098440
123179456
24081050
97735335
202744624
120670069
72100228
167921602
23015463
107184886
171469763
210661404
139473533
10022870
196379063
21518478
12798742
211035340
195364612
827164
19117781
43291266
62582580
22748806
195693282
73428835
208511811
62096897
101802925
37081533
54445570
57016964
41529163
80236218
101770126
57377832
210993230
71161881
131121662
13234368
190896134
49192259
101038199
4464593
116085367
93126979
41293902
25767530
70667474
33370012
77094133
12307578
22055345
90685068
52918357
31227264
41985446
61526270
27105081
195672860
1707076
54615673
195624276
73441716
97939940
196609017
197189427
102354112
85663641
198155962
155668665
13513580
98232110
94541558
89297707
136208161
2830750
196650238
119527056
84612769
90533790
25029172
21027663
14249537
205458639
24689988
5612882
12946595
13835382
74659098
22672375
120945711
210997180
3097571
84619196
16027668
96318676
201754927
455695
95824916
34230817
113641097
2371954
17987418
176379
30776011
114216342
22181773
197078672
211165731
62548721
208046630
24081579
85894473
1899459
30277301
2505033
19547104
2174097
7625364
151655275
114723867
9413546
19967522
93609324
124942282
130795230
23545123
72801303
80600267
39087044
197072091
26426704
105011418
197575156
28197128
125277659
196952610
29413485
4437418
67865396
119355249
37634841
72621497
20503203
111075159
208226501
86238827
84263191
197080907
676301
201320927
37467326
24865726
197134806
195563364
896516
31023660
86548336
115173225
141767205
196603523
8143108
3602600
28200653
111345741
96814915
132584169
198460479
25406765
125035871
209404135
51046223
21081078
95980199
195883614
52807084
137024449
97472408
25580606
100442334
2232542
87462342
11430302
197099001
100467649
52054738
141942940
72928446
22219436
9483579
32055381
19558448
109042282
196582782
25825335
195689853
42047123
202644178
14667515
44085382
15008576
110413208
71758509
41087329
3248539
6887499
195860430
94530795
158301235
110873288
41120594
21963896
205391899
54621872
197382643
23651790
30975225
213875086
73176418
207115916
189821930
47418263
62619815
29655792
196655253
9320660
122415672
131661108
196827516
87874050
37964970
13549395
124657452
146537982
9060485
83167590
208806307
92717756
97679202
21623425
31312949
110615935
198751124
62372925
86008211
110040156
97760519
40631970
78938936
203831363
147250953
207998531
51756530
121527481
39252192
109292934
7240991
155151547
4695349
142954290
110455866
73878588
122913291
154643714
44982841
74545839
4469637
62202000
46143078
72257059
207930754
18432044
71763910
15105126
121271328
125502245
208771598
22623737
62703331
182952189
87901
7606087
116370605
110259207
189767007
9818314
96014649
4460855
39006140
54614063
24984381
19807531
122114331
45834164
69620253
97228402
41347194
43822951
41913948
212730575
95189619
154989984
54601271
62184330
4799434