205608788
46260004
51696668
640092
215144887
5124034
6476710
189825997
198173339
189918042
42804380
140021023
85416606
51934546
189855331
181513855
146964794
7708460
33688686
189842960
159089409
197593765
10475341
54341025
19654532
53569877
207029182
155183645
30030968
81726174
186466295
36369771
55860068
121910048
54100473
36654548
42741501
155434450
71401393
39446343
42635688
36086158
177616881
35365838
11946355
46249959
195243736
88310987
52115902
51650438
189911121
96027601
157188396
4302497
122064411
16312907
139155483
201164277
71239229
92427533
189863352
128481791
27007969
37692560
4398625
142855147
92608147
133524890
91161368
133944320
169247061
12937102
198174808
189890773
210040915
140645786
43583569
214651963
43117607
43951101
43925546
70870434
129278650
163964275
116486513
182393229
204143944
111186272
120452347
211538001
91734082
116727784
26165905
92741275
140093379
189782206
73068826
165549986
35116550
24534689
52297724
1464107
186911193
47575402
167097700
147036238
125309718
214750692
92396055
127667823
162457952
121845
4736670
86890982
195113044
23247955
44869089
94196041
184718910
165253445
93898391
7201700
101087076
120624362
5166418
143570519
49644087
195146945
170022524
16028209
128933651
49539603
185375932
43964778
189835181
211188525
156634826
152187819
68522144
165430200
5239539
6000202
200152942
103828341
151280941
193555319
12774068
73309650
52820364
189832674
45185731
146840790
71836343
30922190
10081838
87659517
189839491
17314099
134675978
204100054
166446226
187903232
121613959
124017656
173187343
163634521
29602863
63072164
169222308
159185288
8816978
28734005
45595699
171813141
120082994
208015782
188232965
198127859
195857770
36312044
133996599
19156465
92543037
51656416
174755681
29439820
123235493
37353725
10824901
195862817
813469
43453715
201140721
129932852
186839183
119511094
14870238
195672614
196597604
6621268
118631780
119447761
14774270
15381570
144986065
165400424
165891519
153840121
197760185
31858123
199800376
6853836
194252216
25702927
199713239
141709131
37540796
128565877
147208641
5228283
139704810
124603931
169434930
186209943
32988851
155887260
196404451
90506289
2611044
68994630
35936134
44567101
208496591
203728263
76722056
72113935
119373362
10932636
36178120
33885695
35620680
197406922
134136673
19064154
61448798
54430579
704383
99258370
8062157
10392086
189741193
146860772
210352589
18534830
28354067
136864766
26046117
151629087
8038683
24804831
189913557
39488365
169150780
40863716
163377990
124890550
8870642
14037375
92314401
153557793
88621382
83913323
95892699
209834753
195708746
5665262
204101756
195300560
76365410
188541219
119348748
37629748
147177051
16129974
143980225
39821924
203336729
81995023
93015546
197136483
51613851
79395805
28138932
110076060
154858505
187668494
35629448
26188576
53721289
203869052
17280118
68714680
53227028
6384220
52848720
208505853
79159605
189953105
81979064
134905563
196804254
14263793
169322666
52150117
94848776
165669904
13404794
6846632
44605647
209223960
36798688
77539241
138932646
15989222
14600063
13372795
26364350
23579931
110060479
14308178
3899149
3911302
43949491
16411047
59614068
129778988
17460632
129945380
14460491
151478310
23169403
198969679
37344604
61458403
212969074
73416890
18765753
198123500
4256426
149668262
156617343
35221971
51928309
11366236
59577504
47247557
203728172
135953386
53427897
212620698
54570260
26506207
40271185
54352286
195097708
8326211
3839796
134368226
84377354
196702942
141667615
62600805
58307266
104294496
20219429
9088275
195137596
145272225
73115787
97190060
195342650
81977455
16521137
111066359
91899631
21212726
169622992
22438031
208286339
204077052
96709687
153887480
6593912
62834905
35672605
35174723
13104845
34925313
132126096
138158699
14359296
12368855
197408522
62380517
40063467
1446774
4436821
196505244
56940074
157984839
25359020
182364337
96890882
52403100
268151
169658186
206457014
14797237
139363114
40445062
85162290
28802120
37571966
100411869
86551783
32860418
158234595
30477080
2753584
197200131
126863113
4263384
195857783
45442712
54448642
20163108
53249437
25437196
32683451
80725566
20595857
181590651
195862624
43225242
57700492
118940506
90477545
205193984
44704945
80379004
574004
4517022
111121649
80055462
71004406
117818214
73917377
197166103
117710101
12021738
128874268
34775343
207747713
10822050
96543564
13587626
62207295
122792434
214746868
60520717
209869172
126047044
74134134
16069772
136645168
22287652
84214934
196807961
967296
88415279
95359192
169661230
36109568
20507969
126353486
72195444
189832295
153648774
52296
136590107
156547919
73300023
194562479
57073078
143097097
44961070
26417800
79579222
3000629
160138141
30366543
27923107
117666171
201016654
109375195
149368714
196778181
19322386
196606637
35387555
112440892
2176140
20585856
45694599
24392483
91777121
196912637
21434700
22179394
52815666
116885467
54562529
124073872
128570773
5156409
157144636
19144722
93921217
32945335
201061709
97305483
145847198
24692724
101681936
132477427
110882797
54825861
77611960
8883185
161213372
44365157
96614210
138463986
124234681
95557965
4347271
151686673
80399184
150613498
30963085
52172927
34352833
4446979
198729226
209435912
148643699
36703577
195022224
8463106
21409691
57798171
72682911
141827505
189829326
62741557
56102863
73126792
25336260
212726393
195867462
203797344
39911378
203175839
65334265
88423303
208623433
46308056
57213865
78242396
38317597
5989773
57296632
121213439
30791578
46059253
208582956
196936262
147745691
53100027
9101156
42386891
108891878
126366447
196660873
13491693
114262874
32610587
13103015
18012140
58995364
62577674
51606030
23517715
166681118
38849053
55524348
92729927
123554525
21610986
43495583
84538067
62104864
2340730
30087774
45539088
199658097
142168318
21601191
70577388
1783497
38954655
94221086
103782638
129030194
97473134
40937245
44950185
97191554
45434982
53273016
36395662
47553650
197169160
45028127
17382757
157247808
137734212
189820628
46270009
97709399
53244524
197058942
143780171
137743114
73957899
15422577
209602553
197383425
35602466
30168407
125253580
208765527
13513458
197254446
38410364
77225129
24808849
86662084
210870429
120851410
196972433
45067055
787516
110147017
6326026
208068085
68162044
4772267
8043940
21789401
197191973
4833294
62230297
20779228
35418989
2472372
129427857
162124567
8933188
197111489
189836773
34710409
51687979
5187320
210600064
21482939
108892531
45564635
120669854
97480304
101062537
197383891
118593740
196895706
166510600
94921536
212417034
3048800
195674246
41045788
8439355
42778304
12475776
89857387
76941498
214952164
196933175
58725553
196664853
7889326
149673128
23721337
189913312
141933723
130879219
138668691
155734794
94899290
51649486
70628572
5482435
196928154
10200097
27183508
59008034
94883824
3557413
61021859
88629877
197373066
136839780
197117779
139852132
152044956
431447
8291142
196396062
109072180
94775066
23042156
128871121
7542019
98672132
51633304
12309108
203655873
162311728
54422020
72966712
196767673
122900025
128644305
13597706
196749047
122245926
92285126
42678252
16910200
58976781
73249655
124731533
156213904
196730586
195867271
42495751
32711961
169046841
196783492
39175913
197301114
203044123
73098629
132502420
133157544
40903625
210041804
96069077
80380193
97538611
197441594
143271381
24368257
197261530
13936912
195188460
157996226
167682199
190670720
207895382
197200350
29186284
195268760
72677253
52096235
173182019
19483021
33765810
38954516
166876088
188828136
23428080
45648757
53184670
131124015
170122280
196400393
21233966
116871807
144586658
70918595
42688903
93019887
28482327
30968892
43185433
62725355
210056620
125507447
5699610
189775135
6333226
200138421
33702227
38455960
20251766
41062600
128610113
141957519
206110424
34659731
31486694
139339959
124309515
36880729
25821321
40715658
59881032
193662
19476964
196766476
197370956
153260633
154636424
1359719
1381242
2807069
196157414
208063475
189896512
109594605
86661534
2716126
196883279
33358121
193227628
62301749
122903756
16716443
61655982
180900702
186259448
189784522
208545088
75989743
60940597
4763509
99134276
209149269
85393427
122067941
85706368
200067183
189942041
17817758
83262586
37879085
39808077
71910644
2486911
2422203
8105054
11347536
10810661
189820693
61141173
10631063
196972444
122267388
63888451
202261711
35748435
201207914
119169423
61730596
22624217
195129822
212664330
138927214
31505903
35168004
94482427
197649478
122810397
110234206
198391448
158725349
205986932
6330365
97361053
116895894
21285656
197687418
161821918
95219331
107082132
92621176
98994455
35350139
107990443
12242549
202133817
203801701
123558097
123533321
198005425
32722318
37260462
208513838
153430327
196709515
204754291
79458151
188718093
13558387
12866575
97119225
7597123
158538222
17574020
97409549
136632320
101599989
195241342
68095933
22454600
202559173
95166270
35564373
40923641
15656747
72781429
196820623
19293794
32640075
45597581
40625074
208787113
51656730
64613300
151524695
37434842
86280359
5638691
195115456
45781133
196679290
95468791
201278609
196426579
196644245
47560268
34149381
6770417
120377423
44826274
14217650
29642551
8552841
196424030
36480840
45753263
208261276
29980846
84329139
45435691
68843577
5825780
124781484
102347812
62242026
196861345
214198975
7682652
140214217
114164508
3729570
45635688
197050129
46255374
73064076
79313022
165908210
21981546
52067431
31983385
73032290
8842389
59341241
78974465
99436853
121166474
130132528
23186
33913387
39765186
121142641
53300233
51662511
77636579
128172996
59086487
8386773
97463734
12886101
204116952
24968854
122569115
196998442
203704170
158495759
202244537
17296287
34421755
40018681
189842884
121466417
28598996
196532941
5612965
122736101
96984828
119017569
89348926
8590237
46845608
121204318
47563793
33961167
89438633
213558578
196718970
35547131
3437369
89279556
197820888
165072882
41854485
289763
20641033
113609283
59473879
208556921
44217364
21784343
208868837
98254615
166213815
36264297
211233605
17888264
23032004
91170024
71007465
10226557
8141731
96617261
80049514
19073801
214806393
195858343
130706853
10245864
197038265
122769008
38672704
123789647
9775470
74845969
93082395
8243239
16567924
208047645
47036555
130787859
25541652
12517810
25550082
62446478
196516571
103325491
196791627
197048566
196800106
84876535
28135345
31331646
78707305
207956287
79618889
101192855
126402070
74598373
166290143
196817687
197124380
130992867
209247453
96905416
27124050
39143407
197348035
150563358
156725506
10562170
197244075
116714159
126039957
114172876
196760117
79994226
30057436
196855283
83079831
98528183
54356432
118203779
1433558
189889708
113761008
97688788
113513974
4492224
46299884
208735197
195797721
196775203
44192957
199012659
81909422
109173245
26543929
39070754
14914187
91921038
115672855
53279219
116162023
165524024
199622162
31665344
22594453
53186328
208258820
3391430
135411151
33408941
201941822
76664377
197392002
108892133
93707945
22872425
110405744
72075198
88989336
195365798
10572429
8254875
9837635
5863192
156045532
134082784
72407617
197044325
4524410
12557299
58816932
94991379
10506877
97553785
341667
186210130
196937906
56521678
195863965
14427566
52903739
158777535
146160492
16124937
73059404
163624232
123321178
25338207
980360
51605665
210673132
195675235
20809524
118266186
116574148
37627113
40262445
11796157
20736352
103515370
185006663
71265803
211534958
186214205
13301459
209929121
166897427
46409594
195160566
132066235
86176296
82506682
40647896
60083573
196995855
96131250
118564390
2174684
156292342
135761868
52041351
17128851
13090039
197205875
18149703
208619013
5583019
124416296
115168835
71315193
71756669
11771164
17898813
46821568
96904553
136149135
26317217
23084244
13420149
62693067
189899299
189946607
16810261
74817611
51653475
11700940
35007519
95569839
7771476
68360115
129364988
84446089
195274253
54099905
100078997
27471040
6097631
125044281
207938221
3509794
198243311
22122111
33397295
79710543
85663963
527225
86086723
12742369
2109347
7395481
208324283
25499272
73460804
138975068
19589272
75660747
196824359
208762998
197132361
122397994
53391754
153488448
87699185
97298504
208236068
213179795
117585516
40976123
182450646
197365281
125683823
91683878
135361457
195162748
88400952
196519756
33315916
158727385
197181669
40407450
3659192
202021997
198711376
86357947
208745603
197186496
86922751
46374444
189879242
677611
122436647
21337320
108775156
71873571
198241487
158275851
201777418
47517855
74692232
40655915
135782584
11897712
195860645
97714150
53238978
16991533
150793976
109522388
34391383
159654374
19354188
11848929
103135779
77932173
110192122
1321722
119713769
120908269
41619133
30581150
153487107
2298664
101900198
3939176
97087155
28613096
15417147
195913910
199463544
113790825
202775874
31457527
39458286
46880628
32822486
84950633
204134227
43724267
35522016
197368025
109839696
17798402
208583099
38197152
189843637
34645933
84684040
46712625
12219539
96456913
197847419
87505752
44361864
53512450
201301928
34696263
3884235
159001517
17502902
91840507
35511276
18797037
47564497
27314427
97017517
85660116
196285822
966667
35681289
54467557
137860152
5476405
86424945
20509863
128699117
20426276
109609067
21451082
33521131
196642711
95175383
36314807
31929991
113841314
130054070
125993264
87692726
150805405
72170333
12996694
79133368
40213379
72910231
197140995
15542200
31340631
72183539
31563280
82849133
35533012
11374121
85366862
70457359
198210440
6890504
205007957
53301142
186143378
31272921
19132585
136557964
189908545
189880199
119600623
137455568
35701459
189819846
197332740
71826705
119816203
195709589
209718749
195859248
19103442
124391556
53313343
34459404
32358714
214727946
36701397
16475494
123711427
8525796
13329782
123125818
101027630
3779581
42752806
195074201
189953192
196422874
1688
195881347
4471932
17728793
25587085
29132255
12556828
3194789
113848997
197327973
110077939
124531599
68121126
35286937
10114961
54248862
3448495
155330132
196909144
98825145
118170270
37093900
71556268
26476465
15390942
161014971
132834383
71661899
195896474
119679423
100496591
19210278
97339195
14238220
108743264
189764928
196897550
67224214
42977885
152283653
75912794
4727802
205574115
41612500
61751724
214550750
101455035
13013213
27332357
209349302
196892963
152286401
57875377
70078954
74635147
6240132
103195290
189547296
11616388
195864972
36496037
196947319
204143679
205846497
75666543
69124097
12087106
32584317
37983204
72646759
54302428
148369151
22047105
208211897
10597309
204230143
170023834
27248055
124602825
157854480
76942547
131684487
13999147
204125372
34530941
9337842
91590954
25798079
438609
143510916
7027881
23998946
16455569
41771754
96819099
72589237
43899504
26364048
195672617
2583738
204322786
102397442
195950892
8146175
72703936
30053084
25158093
157882481
42179138
145580298
136910714
26903215
4374742
2791943
196515092
26080218
73514527
108057377
81466461
195667537
129016287
900216
88646148
93643638
24686920
196956539
18765882
45624371
99701025
196822778
54557875
189890280
196405412
196634201
197050897
197520096
51958851
208618188
93592453
77012207
95736590
197299290
29064122
37992336
44479515
124415165
197392578
82842883
195293070
33941775
196971833
21494314
203409203
208015834
39726552
54567374
28073157
16416280
5691960
146990653
46326834
197100688
162291624
60254612
29080700
8905630
198128103
61093148
145738684
51663935
122365073
22724079
45333639
89857179
167219957
153954052
158550058
210600299
19901557
34454472
208695271
72809664
195313698
10697227
39825602
73023550
24216579
213815404
109902095
24666748
44274576
112434617
3788698
43502730
34367429
34137279
38190539
195275542
208851952
4796536
202100321
38998476
57672439
53584181
210309022
7160840
80253362
116863484
41268826
72063880
84592622
197086905
6477524
23695647
197384802
159300287
189874523
18826301
196743919
197345799
8997131
135482564
86560707
197017298
197620611
92550659
706265
52851699
83330603
14274920
203661397
196992182
58427621
189825731
97533386
195370372
7717641
211298285
198685116
68052692
110130872
94201190
13459129
130461304
47184047
80321020
72559319
1236423
7471789
161896039
32743632
196992420
210231963
197318644
196974662
5415332
199613992
196765490
121332633
142583128
95682025
96004548
44410822
44589865
204398732
115231329
52800160
4377568
196646969
203097206
197039000
76464492
5540133
7594741
23304217
135811287
106408912
181898713
9918085
62082874
80230421
2952184
213437768
120267477
6969699
196695762
122457260
46775927
201143110
7593622
98134107
67388651
139239731
97887678
96724279
77987192
42695792
89773147
11402246
43719553
4448757
195316873
119167478
119480338
211348650
199687966
45378581
196631613
116252528
195071043
203868251
209279971
197216662
26132715
110607474
117092660
30519759
79179628
211228739
21409806
11490440
84335381
35930432
196820908
36595669
45707508
39788267
37085906
42574937
55062901
107938841
195110209
44261268
26083460
128625480
15721976
8156894
143662299
18762588
112797461
27194328
120158014
200187491
27312960
125094161
28851039
8725879
52058460
97619207
45158141
70533158
208239608
99539918
201438912
195838218
197316605
18560520
54432721
197510741
191537608
121229863
1746355
32314851
54489860
149308285
10875416
23948975
197185234
196689112
195115779
86715149
196980260
209269424
208289249
47470045
81893018
144802946
195858422
67868871
18269387
122599037
85939536
9685339
82686459
36927991
97350745
52009699
32994323
24313322
121521271
198850005
13953884
32759993
95197089
41302017
108425546
95465658
74499074
31777141
6835642
16842639
38373550
125976809
150497842
164033712
72230513
71304210
141910659
196719629
27675433
28075507
107721180
62360433
197328016
8845988
15523486
57444131
210997303
73258414
188227889
71646389
4967122
157170459
67315696
1779159
56747034
33892693
6220254
110159062
155078441
33220778
116605797
114760251
15454084
155012300
5475160
41400350
1252238
74070014
42613714
74246820
14085381
42397802
7527533
197230928
196539851
43023485
41800878
136423657
82735211
84811479
58672632
39304984
204123987
8671489
74454388
166625326
4675385
104238273
73969978
47553360
207106948
24112162
162385529
57069402
95517174
53872590
195908527
72048431
46764999
118785163
43672356
124715523
85588079
152597736
71423386
189909210
81727048
86874928
90959446
197128268
197129096
55847141
162384228
169835567
196893415
62128668
196787252
18507854
5386038
122620933
203725847
58936265
12099047
147420665
197195424
31047012
34053317
8073790
108841303
84208570
73506488
134040897
22592836
196387992
88924471
196630867
99345033
201466349
34324571
71987594
14186463
96968249
73469447
36951513
150511932
69678448
39336751
61649273
38398114
156573562
37144092
10335290
22316247
98509440
186221674
195108629
214284252
5709326
8819470
81938640
47492754
141731175
8577069
124880599
212778885
124143391
197316291
204739528
46665433
152539124
889604
70437207
7066845
27955830
211057189
34528236
12631960
123897064
170477484
119453511
19915701
119727791
151463244
196748451
122068907
73068349
197334535
195685206
125759735
162379625
8438437
38824296
16997524
25615978
77869344
16980730
79937998
197333903
163665368
16676006
198496781
201753859
62649751
158302902
37528647
61614499
44485437
121940920
136367695
189823313
189797250
7099855
191465396
37455729
98017132
13398821
96920931
41081489
198711191
73012197
95798715
25702636
114711218
102740645
204266701
913876
73009108
44955742
195108717
197256145
133243667
120198470
21018424
8957762
87512742
197300656
183803785
196969555
140106936
187662083
115971197
195138241
35899958
18807328
203705465
22017300
151923618
14593498
25126693
83721671
126247823
32962351
186815234
202575074
61246526
24222724
195291544
119521903
100241597
380601
114471729
173185847
43558785
20406196
195344143
204180202
139864477
78503266
51648135
8546323
98406546
126232439
118923272
139214094
125873454
37491251
19770596
156849271
196958224
30986381
201705096
31988365
155383355
122961174
29715973
108248975
77035046
201092792
3128259
61259397
118436753
62800202
140114577
116765661
141887270
19986876
72254343
121324848
189868174
94979381
196983934
72662700
12027103
149856041
202244894
12573116
208533534
103040864
100147891
208339135
167731693
211081449
196634813
43793945
62573610
45182040
198175400
196875740
204180624
197097744
98069126
147607653
109347467
24890233
144766380
7980348
72674267
72084501
198573545
125741087
152561889
10101597
38845010
2142262
165741697
71983473
58360066
150550988
19719542
14556189
35870654
195487716
69986001
61270691
110353843
15360977
9210589
155943034
114733788
73245102
197047235
32861757
14903438
119114896
197657539
196740828
60972584
7195407
71705242
205627045
38987712
196994569
5892450
132404315
29243683
189901991
47110353
23071903
6161255
204788093
30701900
199281821
72921232
15953895
39848000
197036102
197074335
35053844
12161779
59493067
119386612
195151550
46630448
53084711
46322327
27628701
70905906
13263783
73490107
35452963
2217266
143518688
22037169
5096169
195842475
22068882
189764931
207953658
3419806
197501247
189940874
49411467
85844392
19775920
119926182
122202037
167713460
8532964
195861453
31754639
45137908
134411057
25358077
73407859
196882227
54565708
62602376
208187365
19372636
44585272
196641523
97343180
73250949
137308335
100492202
189836151
196024212
208484383
94491314
137575640
54333321
61568769
137231850
196854430
5014892
155373550
208925645
1541872
41879217
74401083
213252244
153869592
71484007
94979781
8005478
114296134
163244383
199087964
137475710
40232233
85107936
9116790
214068587
72065684
9102779
70502305
55613232
40124028
202574740
131120532
15429095
124449527
94325935
25255156
23063928
133403857
195710408
30688287
196771359
162801033
2969615
20266266
13646844
31159327
80247652
196540418
14595337
14873288
34616896
16417911
196974621
25645258
39171039
21958943
7825744
196725751
80438178
37048322
54265753
79720660
71947139
143220530
31925445
123121443
121028954
141522666
84540946
196643704
186748765
204927700
83487554
46577726
195134941
22517531
158259246
115336178
208146071
21727714
164422169
142589335
86632942
196890565
10544036
43640260
10546511
195941062
192100874
60062878
202185776
22603112
196746507
76808778
21154082
45218508
27099481
1778246
134209947
19137743
96788293
34374460
41716903
173187980
128347688
197363287
196733159
195160195
12988232
28398455
149806544
4231002
52961999
1996555
3550955
138770675
196585367
119376725
80535582
36179213
34469021
2825689
56174065
2429318
158293619
196719620
5599809
78967843
89978519
35485490
97163177
61361299
146467590
54361505
42906638
103520012
195300020
196724385
102562094
44262195
196776601
37582200
198779617
3142099
218552
203291978
39546104
14160618
139948853
10278369
203721189
44708574
122621950
144643742
10536021
46861459
25727912
35939629
135672957
162205052
94031642
64856806
72885396
195351870
195186839
13137718
71671436
34495437
32911302
8972171
191865964
164835165
84411664
62731383
13208171
28320206
49387365
10780678
62930514
43859071
145101146
96141619
145008606
15767336
202762927
25765385
77927539
68844767
72280171
37094800
197069593
150184625
198013193
150400971
33487129
35346380
13215167
196632215
147912936
51662785
132405985
12991275
98224967
12689790
43264302
113664783
197021241
85258742
54228953
78694970
156471841
25322112
213393678
196983309
117651728
143424198
138871584
73127271
45718211
56129025
31679751
7756273
8829355
51984917
139206012
53436714
71284953
119441762
198153982
35076521
8648982
102016769
196587861
98068684
153221877
25780849
210178567
157990257
5258087
51630930
9616192
96907130
125456905
93409799
155022757
53341942
62164241
31199815
163271370
136086438
111370903
202822892
201759818
46690788
72655217
126177511
114136279
19621700
43287547
104402127
124197945
209913484
186134388
97093035
10964894
96058524
154709898
196830248
138302604
196490606
40608577
7187815
197269061
108473711
201652466
41817000
165283707
19389742
20633488
29419290
197031427
196931923
150409838
72868755
108190914
129837586
16481506
27369428
23915092
37081855
30386821
32805125
7826299
75259830
138220584
104242838
165173682
96239159
94380558
5806375
41077089
21513985
95195488
197060710
196362967
196986641
56470859
211194487
110609242
197121490
90496747
197314910
196829535
97965790
199469717
164056581
60632030
32256974
8072924
26212775
111090197
117948435
84513002
27073542
69754046
52826924
124421127
124450165
142092213
46050730
15002119
122298748
137804879
1338579
81187427
189258186
20371918
154455118
76046468
163330675
198455382
204247691
85129935
71385773
21317631
110501169
196531602
53309361
110743010
197191915
156701660
202148139
54429755
122030049
157263714
136279430
191178798
53950546
201362483
208865457
153101311
19436064
195332697
72947200
202269419
119267640
90019677
20176029
43756582
14043913
4914232
503318
6383021
5349906
203090123
208259390
197826082
27306528
199001355
73332021
201765637
97062175
53277166
46183638
195056468
45610760
110519730
116691435
95788672
14881759
4216238
27328005
131436231
118133650
21470014
61077263
129412108
19834535
196983075
79078429
92248594
54036690
110420338
36697361
11290559
97944574
196544650
201700720
145523007
81849570
110691079
26261738
28980741
35562488
89935436
116304695
6486730
57559008
198748174
32357185
197310079
85161404
162477473
54489402
45622224
34366294
34549697
147310111
125230521
40368256
2935676
89157495
36039975
17961896
196878945
189878262
121935084
97985519
61164470
95888745
110337055
52818338
196865983
203095669
195090298
5755675
96657422
52922241
93526127
25784222
96781520
56062741
16046955
209352317
54474196
55975183
205011669
53245318
47561725
37624858
82873780
200305992
189848061
27355535
57680704
47509037
116661986
3856836
196889648
197330777
11722550
19914984
119162756
202011147
126354575
116384293
166147446
196979488
81722831
125554012
15803849
165630
13206310
196883028
178351984
118230085
62187575
122593263
37061885
188863489
198706794
196967578
131052650
196738772
43685966
121075277
207947858
80092869
6498868
73464572
12891080
3098440
123179456
24081050
97735335
202744624
85979188
120670069
72100228
167921602
23015463
107184886
171469763
210661404
139473533
10022870
122928062
196379063
149871088
21518478
135087220
26715198
12798742
212768725
211035340
195364612
827164
19117781
43291266
6977123
189847956
202123541
62582580
22748806
195693282
189838272
73428835
71673936
79990985
208511811
213360115
189787648
208152119
62096897
101802925
37081533
54445570
29777447
147680244
73740962
76257040
57016964
41529163
196599524
138346077
110866057
12743975
125442044
80236218
101770126
41697370
57377832
210993230
206293019
13200784
72998547
71161881
131121662
132739673
201738491
157891469
13234368
124782137
190896134
49192259
72798998
144709270
101038199
4464593
116085367
93126979
197225689
41293902
25767530
70667474
197352991
163283761
33370012
77094133
12307578
182667635
79182695
22055345
90685068
52918357
31227264
41985446
70683105
10944637
15635791
80206950
61526270
27105081
195672860
1707076
54615673
195624276
8600728
73441716
97939940
35995710
196609017
197189427
39817052
196749789
102354112
85663641
40879468
198155962
155668665
13513580
33204795
54372193
158590927
6468932
196784082
196409410
197153252
195110331
208467707
98232110
94541558
89297707
136208161
183134035
42880198
2830750
196650238
119527056
134029007
5413326
84612769
60091185
90533790
161820842
25029172
54394244
147637066
21027663
14249537
205458639
24689988
5612882
12946595
13835382
43861131
74659098
22672375
120945711
13742981
210997180
3097571
53256325
84619196
16027668
57736624
96318676
201754927
455695
76007789
95824916
34230817
113641097
2371954
17987418
197030113
176379
30776011
114216342
18350928
72220939
22181773
197078672
211165731
62548721
71945694
208046630
24081579
85894473
70977936
1899459
214585359
30277301
2505033
19547104
2174097
187109113
7625364
151655275
209349785
114723867
115297352
196767318
9413546
103505908
19967522
93609324
79257477
124942282
130795230
189128464
23545123
196869194
7491945
41539808
80132084
72801303
80600267
3012053
39087044
197072091
26426704
105011418
212680520
197575156
162714638
28197128
125277659
196952610
29413485
4437418
76380994
67865396
119355249
37634841
72621497
20503203
111075159
208226501
86238827
97145883
153674386
210099455
84263191
11291943
197080907
676301
201320927
37467326
73875548
58098682
24865726
197134806
195563364
896516
31023660
19451829
88970375
86548336
204479854
115173225
141767205
196603523
183397028
196894486
8143108
36332477
16831501
3602600
196805497
38126872
198070460
28200653
28062839
81279088
111345741
96814915
132584169
198460479
149949613
25406765
46497473
125035871
209404135
51046223
21081078
122218679
27207017
114677594
95927541
95980199
195883614
52807084
160141721
137024449
196654249
154505041
97472408
196725930
6182187
25580606
208255210
100442334
198403619
2232542
87462342
46199694
11430302
197099001
95057951
100467649
197293529
52054738
141942940
72928446
196731486
125236177
22219436
16386866
183426194
9483579
32055381
87333316
186233003
19558448
109042282
196582782
125678257
25825335
35521522
93615632
195689853
43172984
42047123
202644178
14667515
44085382
7843609
109308189
15008576
110413208
196794704
71758509
41087329
3248539
6887499
195860430
94530795
158301235
110873288
41120594
21963896
205391899
54621872
197382643
23651790
64290790
30975225
213875086
73176418
207115916
197285993
189821930
47418263
62619815
29655792
126070048
196655253
92838968
9320660
11383578
122415672
45377231
131661108
196827516
197099980
52931505
87874050
37964970
71426310
13549395
181184626
36873984
124657452
71120649
77158455
40804413
209540266
149483681
146537982
51642964
186227894
154538787
9060485
83167590
134167538
208806307
92717756
97679202
21623425
28620405
31312949
42687922
110615935
108989445
198751124
30388756
134093802
62372925
86008211
203104795
110040156
2205934
19339279
77267127
196791971
161637741
97760519
40631970
78938936
203831363
54490504
31213466
147250953
161687046
207998531
51756530
121527481
39252192
109292934
7240991
155151547
189952868
4695349
142954290
110455866
73878588
196799764
43568683
122913291
154643714
44982841
74545839
4469637
31687895
111228619
101924924
157408079
62202000
43064581
9872591
77853554
46143078
72257059
80082975
207930754
18432044
71763910
185969046
15105126
7024306
121271328
125502245
208771598
22623737
62703331
182952189
87901
196690794
79008337
7606087
197220238
116370605
39544692
110259207
189767007
9818314
81382798
197326219
96014649
87473001
4460855
196355298
39006140
36175244
102300592
54614063
210256904
197037916
83664448
143556015
24984381
19807531
122114331
160911118
32889979
89223111
125595405
22071167
45834164
69620253
71454977
116857168
97228402
41347194
32801955
142557529
57620602
43822951
41913948
212730575
95189619
154989984
54601271
62184330
4799434